[case]
rpm = 5000
v_inf = 0

[rotor]
nblades = 2
diameter = 0.3
radius_hub = 0.0125
section = naca4412 naca4412 naca4412 naca4412 naca4412 naca4412 naca4412 naca4412 naca4412 naca4412 naca4412 naca4412 naca4412
radius = 0.03 0.04 0.05 0.06 0.07 0.08 0.09 0.1  0.11 0.12 0.13 0.14 0.15
chord  = 0.027622   0.03166421 0.03390364 0.03458931 0.03399109 0.03238396 0.03003231 0.0271742  0.02400563 0.02066482 0.01721652 0.01363621 0.00979446
pitch = 43.83725288 39.0653117  32.64704522 28.10653926 24.81339996 21.99531739 19.5775673  17.72758179 16.3399819  15.05472676 13.7582959  12.87508345 12.1134445
load_path = /home/sh/WCY/auto_propeller/resource3/example_OPTIMIZE/


[fluid]
rho=1.225
mu=1.81e-5